"Sorting_Type","Array_Size","Probability_Failure","Lgest_SubArray","Nr_Shifted_Values"
Bubble_Sort, 100, 0.010000, 49, 26
Bubble_Sort, 100, 0.020000, 70, 27
Bubble_Sort, 100, 0.100000, 20, 85
Bubble_Sort, 100, 0.005000, 59, 21
Bubble_Sort, 100, 0.001000, 100, 0
Bubble_Sort, 100, 0.000100, 100, 0
Bubble_Sort, 500, 0.000020, 500, 0
Bubble_Sort, 500, 0.000200, 498, 2
Bubble_Sort, 500, 0.001000, 478, 4
Bubble_Sort, 500, 0.004000, 268, 77
Bubble_Sort, 500, 0.020000, 271, 426
Bubble_Sort, 500, 0.002000, 340, 15
Bubble_Sort, 1000, 0.001000, 912, 43
Bubble_Sort, 1000, 0.002000, 378, 279
Bubble_Sort, 1000, 0.010000, 225, 921
Bubble_Sort, 1000, 0.000500, 552, 73
Bubble_Sort, 1000, 0.000100, 1000, 0
Bubble_Sort, 1000, 0.000010, 990, 3
Bubble_Sort, 5000, 0.000002, 4243, 215
Bubble_Sort, 5000, 0.000020, 4120, 173
Bubble_Sort, 5000, 0.000100, 2190, 320
Bubble_Sort, 5000, 0.000400, 3779, 575
Bubble_Sort, 5000, 0.000400, 1274, 1565
Bubble_Sort, 5000, 0.002000, 980, 3650
Bubble_Sort, 5000, 0.000200, 2106, 1891
Bubble_Sort, 5000, 0.000200, 3721, 2760
Bubble_Sort, 5000, 0.000200, 1278, 1632
Bubble_Sort, 10000, 0.000100, 4147, 2919
Bubble_Sort, 10000, 0.000200, 8256, 7077
Bubble_Sort, 10000, 0.001000, 2808, 7906
Bubble_Sort, 10000, 0.000050, 5420, 2088
Bubble_Sort, 10000, 0.000010, 9926, 96
Bubble_Sort, 10000, 0.000001, 9980, 25
Bubble_Sort, 50000, 0.000000, 45822, 2594
Bubble_Sort, 50000, 0.000002, 44480, 2933
Bubble_Sort, 50000, 0.000200, 13075, 45393
Bubble_Sort, 50000, 0.000040, 24891, 16310
Bubble_Sort, 50000, 0.000020, 19103, 28424
Bubble_Sort, 100000, 0.000010, 67869, 56273
Bubble_Sort, 100000, 0.000100, 15469, 78829
Bubble_Sort, 100000, 0.000005, 36794, 24543
Bubble_Sort, 100000, 0.000000, 55575, 62579
Bubble_Sort, 100000, 0.000005, 33597, 28658
Insertion_Sort, 100000, 0.000005, 597, 99995
Insertion_Sort, 100000, 0.000001, 602, 99993
Insertion_Sort, 100000, 0.000000, 440, 99996
Insertion_Sort, 100000, 0.000100, 351, 99999
Insertion_Sort, 100000, 0.000020, 569, 99998
Insertion_Sort, 100000, 0.000010, 475, 99996
Insertion_Sort, 50000, 0.000020, 608, 49996
Insertion_Sort, 50000, 0.000040, 352, 49996
Insertion_Sort, 50000, 0.000200, 238, 49996
Insertion_Sort, 50000, 0.000002, 478, 49997
Insertion_Sort, 50000, 0.000000, 622, 49997
Insertion_Sort, 50000, 0.000010, 532, 49995
Insertion_Sort, 10000, 0.000050, 315, 9992
Insertion_Sort, 10000, 0.000010, 546, 9988
Insertion_Sort, 10000, 0.000001, 637, 9979
Insertion_Sort, 10000, 0.001000, 125, 9998
Insertion_Sort, 10000, 0.000200, 198, 9995
Insertion_Sort, 5000, 0.000200, 177, 4993
Insertion_Sort, 5000, 0.000400, 119, 4991
Insertion_Sort, 5000, 0.002000, 51, 4997
Insertion_Sort, 5000, 0.000100, 196, 4988
Insertion_Sort, 5000, 0.000020, 435, 4976
Insertion_Sort, 5000, 0.000002, 393, 4912
Insertion_Sort, 1000, 0.000010, 187, 852
Insertion_Sort, 1000, 0.000100, 231, 976
Insertion_Sort, 1000, 0.000500, 104, 997
Insertion_Sort, 1000, 0.010000, 32, 997
Insertion_Sort, 1000, 0.002000, 53, 995
Insertion_Sort, 1000, 0.001000, 67, 994
Insertion_Sort, 100, 0.010000, 25, 88
Insertion_Sort, 100, 0.020000, 15, 97
Insertion_Sort, 100, 0.100000, 8, 97
Insertion_Sort, 100, 0.005000, 47, 61
Insertion_Sort, 100, 0.001000, 53, 14
Insertion_Sort, 100, 0.000100, 88, 11
Merge_Sort, 100, 0.000100, 100, 0
Merge_Sort, 100, 0.001000, 100, 0
Merge_Sort, 100, 0.005000, 63, 52
Merge_Sort, 100, 0.100000, 14, 82
Merge_Sort, 100, 0.020000, 28, 62
Merge_Sort, 100, 0.010000, 27, 15
Merge_Sort, 1000, 0.001000, 258, 673
Merge_Sort, 1000, 0.002000, 209, 494
Merge_Sort, 1000, 0.010000, 48, 903
Merge_Sort, 1000, 0.000500, 456, 6
Merge_Sort, 1000, 0.000100, 1000, 0
Merge_Sort, 1000, 0.000010, 1000, 0
Merge_Sort, 10000, 0.000001, 2895, 1455
Merge_Sort, 10000, 0.000010, 5808, 1953
Merge_Sort, 10000, 0.000050, 2800, 3156
Merge_Sort, 10000, 0.001000, 559, 9313
Merge_Sort, 10000, 0.000200, 1470, 7037
Merge_Sort, 10000, 0.000100, 3413, 908
Merge_Sort, 50000, 0.000020, 5116, 20040
Merge_Sort, 50000, 0.000040, 8257, 40590
Merge_Sort, 50000, 0.000200, 1545, 48004
Merge_Sort, 50000, 0.000010, 5797, 21148
Merge_Sort, 50000, 0.000002, 5771, 34433
Merge_Sort, 50000, 0.000000, 12564, 18551
Merge_Sort, 50000, 0.000020, 6947, 23755
Merge_Sort, 100000, 0.000010, 9850, 48302
Merge_Sort, 100000, 0.000020, 10291, 50809
Merge_Sort, 100000, 0.000100, 3932, 93062
Merge_Sort, 100000, 0.000005, 6423, 30242
Merge_Sort, 100000, 0.000001, 14641, 30281
Merge_Sort, 100000, 0.000000, 9525, 68860
Quick_Sort, 100000, 0.000000, 9397, 43363
Quick_Sort, 100000, 0.000001, 12160, 47612
Quick_Sort, 100000, 0.000005, 9470, 60256
Quick_Sort, 100000, 0.000100, 2820, 96056
Quick_Sort, 100000, 0.000020, 10561, 65828
Quick_Sort, 100000, 0.000010, 8494, 46736
Quick_Sort, 50000, 0.000020, 6256, 17971
Quick_Sort, 50000, 0.000040, 5475, 22185
Quick_Sort, 50000, 0.000200, 2122, 43553
Quick_Sort, 50000, 0.000010, 6900, 12500
Quick_Sort, 50000, 0.000002, 11107, 37747
Quick_Sort, 50000, 0.000000, 5675, 24739
Quick_Sort, 10000, 0.000001, 3524, 392
Quick_Sort, 10000, 0.000010, 4113, 372
Quick_Sort, 10000, 0.000050, 2822, 203
Quick_Sort, 10000, 0.001000, 393, 8073
Quick_Sort, 10000, 0.000200, 1015, 2831
Quick_Sort, 10000, 0.000100, 1822, 2867
Quick_Sort, 1000, 0.001000, 185, 336
Quick_Sort, 1000, 0.002000, 198, 567
Quick_Sort, 1000, 0.010000, 93, 885
Quick_Sort, 1000, 0.000010, 703, 23
Quick_Sort, 100, 0.000100, 91, 15
Quick_Sort, 100, 0.001000, 64, 9
Quick_Sort, 100, 0.005000, 55, 41
Quick_Sort, 100, 0.100000, 13, 86
Quick_Sort, 100, 0.020000, 22, 34
Quick_Sort, 100, 0.010000, 58, 31
